0.0036 0.1429 0.0935 0.1116 0.2144 0.1147 0.2692 0.1625 0.2200 0.0299 0.1356 0.1518 0.1454 0.2555 0.1049 0.0934 0.1773 0.0619 0.1409 0.1825
0.1429 0.0704 0.0374 0.1195 0.1205 0.1535 0.2524 0.2035 0.2278 0.1500 0.1477 0.2634 0.1432 0.1834 0.0460 0.2022 0.1353 0.1070 0.1216 0.1418
0.0935 0.0374 0.1173 0.0804 0.0723 0.1003 0.1078 0.0781 0.2592 0.1328 0.2371 0.1410 0.2027 0.1655 0.1564 0.1150 0.1348 0.1517 0.2477 0.1376
0.1116 0.1195 0.0804 0.2943 0.1689 0.1373 0.2088 0.2779 0.1866 0.2488 0.1834 0.0832 0.1257 0.1281 0.2590 0.1146 0.2875 0.1231 0.2120 0.2019
0.2144 0.1205 0.0723 0.1689 0.2109 0.2869 0.1470 0.2667 0.2004 0.0427 0.0634 0.2279 0.1569 0.2100 0.1152 0.1536 0.0846 0.2122 0.0844 0.2276
0.1147 0.1535 0.1003 0.1373 0.2869 0.2756 0.2320 0.0871 0.1395 0.1049 0.0745 0.0969 0.2084 0.0267 0.0926 0.2755 0.1973 0.1180 0.1834 0.1675
0.2692 0.2524 0.1078 0.2088 0.1470 0.2320 0.0723 0.1395 0.1255 0.0725 0.1018 0.1496 0.0971 0.1498 0.0998 0.2032 0.1304 0.2567 0.1379 0.1990
0.1625 0.2035 0.0781 0.2779 0.2667 0.0871 0.1395 0.0866 0.1842 0.1125 0.0385 0.1845 0.0894 0.0646 0.1993 0.0064 0.1271 0.0707 0.1536 0.0195
0.2200 0.2278 0.2592 0.1866 0.2004 0.1395 0.1255 0.1842 0.2393 0.2465 0.1537 0.0775 0.1723 0.2313 0.1446 0.1218 0.0034 0.1636 0.0440 0.1077
0.0299 0.1500 0.1328 0.2488 0.0427 0.1049 0.0725 0.1125 0.2465 0.2331 0.1398 0.0947 0.1276 0.1037 0.0522 0.1505 0.1961 0.1790 0.1137 0.1607
0.1356 0.1477 0.2371 0.1834 0.0634 0.0745 0.1018 0.0385 0.1537 0.1398 0.1792 0.1973 0.1528 0.1722 0.0590 0.1636 0.0353 0.1560 0.1412 0.1203
0.1518 0.2634 0.1410 0.0832 0.2279 0.0969 0.1496 0.1845 0.0775 0.0947 0.1973 0.2306 0.2400 0.0327 0.2647 0.1769 0.1157 0.0507 0.1832 0.0943
0.1454 0.1432 0.2027 0.1257 0.1569 0.2084 0.0971 0.0894 0.1723 0.1276 0.1528 0.2400 0.1639 0.1583 0.2335 0.1854 0.2406 0.1395 0.1261 0.1799
0.2555 0.1834 0.1655 0.1281 0.2100 0.0267 0.1498 0.0646 0.2313 0.1037 0.1722 0.0327 0.1583 0.1783 0.1552 0.1446 0.0647 0.1420 0.1866 0.0979
0.1049 0.0460 0.1564 0.2590 0.1152 0.0926 0.0998 0.1993 0.1446 0.0522 0.0590 0.2647 0.2335 0.1552 0.0317 0.1740 0.1695 0.1338 0.1821 0.2844
0.0934 0.2022 0.1150 0.1146 0.1536 0.2755 0.2032 0.0064 0.1218 0.1505 0.1636 0.1769 0.1854 0.1446 0.1740 0.2827 0.1500 0.0997 0.1874 0.1201
0.1773 0.1353 0.1348 0.2875 0.0846 0.1973 0.1304 0.1271 0.0034 0.1961 0.0353 0.1157 0.2406 0.0647 0.1695 0.1500 0.0890 0.1538 0.0741 0.0782
0.0619 0.1070 0.1517 0.1231 0.2122 0.1180 0.2567 0.0707 0.1636 0.1790 0.1560 0.0507 0.1395 0.1420 0.1338 0.0997 0.1538 0.1264 0.1797 0.1894
0.1409 0.1216 0.2477 0.2120 0.0844 0.1834 0.1379 0.1536 0.0440 0.1137 0.1412 0.1832 0.1261 0.1866 0.1821 0.1874 0.0741 0.1797 0.0986 0.1383
0.1825 0.1418 0.1376 0.2019 0.2276 0.1675 0.1990 0.0195 0.1077 0.1607 0.1203 0.0943 0.1799 0.0979 0.2844 0.1201 0.0782 0.1894 0.1383 0.0553
