0.0741 0.0551 0.0249 0.0184 0.0249 0.0553 0.0516 0.0428 0.0617 0.0731 0.0504 0.0690 0.0495 0.0598 0.0291
0.0551 0.0653 0.0678 0.0567 0.0836 0.0276 0.0680 0.0677 0.0221 0.0604 0.0440 0.0285 0.0282 0.0643 0.0422
0.0249 0.0678 0.0873 0.0336 0.0631 0.0449 0.0547 0.0388 0.0663 0.0599 0.0424 0.0465 0.0336 0.0514 0.0581
0.0184 0.0567 0.0336 0.0562 0.0925 0.0557 0.0162 0.0086 0.0916 0.0628 0.0584 0.0232 0.0086 0.0388 0.0575
0.0249 0.0836 0.0631 0.0925 0.0860 0.0434 0.0527 0.0405 0.0463 0.0856 0.0453 0.0366 0.0567 0.0903 0.0516
0.0553 0.0276 0.0449 0.0557 0.0434 0.0106 0.0545 0.0492 0.0705 0.0809 0.0369 0.0685 0.0718 0.0431 0.0420
0.0516 0.0680 0.0547 0.0162 0.0527 0.0545 0.0827 0.0149 0.0553 0.0416 0.0427 0.0640 0.0267 0.0634 0.0468
0.0428 0.0677 0.0388 0.0086 0.0405 0.0492 0.0149 0.0606 0.0244 0.0442 0.0237 0.0346 0.0520 0.0056 0.0450
0.0617 0.0221 0.0663 0.0916 0.0463 0.0705 0.0553 0.0244 0.0302 0.0621 0.0371 0.0673 0.0096 0.0176 0.0422
0.0731 0.0604 0.0599 0.0628 0.0856 0.0809 0.0416 0.0442 0.0621 0.0360 0.0738 0.0398 0.0669 0.0286 0.0579
0.0504 0.0440 0.0424 0.0584 0.0453 0.0369 0.0427 0.0237 0.0371 0.0738 0.0006 0.0609 0.0461 0.0245 0.0487
0.0690 0.0285 0.0465 0.0232 0.0366 0.0685 0.0640 0.0346 0.0673 0.0398 0.0609 0.0511 0.0382 0.0414 0.0445
0.0495 0.0282 0.0336 0.0086 0.0567 0.0718 0.0267 0.0520 0.0096 0.0669 0.0461 0.0382 0.0593 0.0057 0.0448
0.0598 0.0643 0.0514 0.0388 0.0903 0.0431 0.0634 0.0056 0.0176 0.0286 0.0245 0.0414 0.0057 0.0260 0.0712
0.0291 0.0422 0.0581 0.0575 0.0516 0.0420 0.0468 0.0450 0.0422 0.0579 0.0487 0.0445 0.0448 0.0712 0.0940
