0.0947 0.0615 0.0221 0.0323 0.0741 0.0446 0.0714 0.0704 0.0603 0.0741 0.0620 0.0578 0.0570 0.0196 0.0296
0.0615 0.0505 0.0870 0.0838 0.0664 0.0265 0.0378 0.0544 0.0369 0.0337 0.0441 0.0451 0.0851 0.0641 0.0581
0.0221 0.0870 0.0016 0.0920 0.0271 0.0598 0.0670 0.0520 0.0140 0.0771 0.0632 0.0416 0.0380 0.0691 0.0230
0.0323 0.0838 0.0920 0.0091 0.0396 0.0861 0.0728 0.0599 0.0873 0.0035 0.0597 0.0756 0.0350 0.0249 0.0476
0.0741 0.0664 0.0271 0.0396 0.0302 0.0625 0.0473 0.0315 0.0316 0.0248 0.0632 0.0724 0.0456 0.0789 0.0328
0.0446 0.0265 0.0598 0.0861 0.0625 0.0373 0.0476 0.0455 0.0454 0.0800 0.0716 0.0614 0.0283 0.0523 0.0550
0.0714 0.0378 0.0670 0.0728 0.0473 0.0476 0.0477 0.0452 0.0818 0.0336 0.0308 0.0623 0.0274 0.0601 0.0658
0.0704 0.0544 0.0520 0.0599 0.0315 0.0455 0.0452 0.0433 0.0362 0.0699 0.0523 0.0398 0.0158 0.0872 0.0375
0.0603 0.0369 0.0140 0.0873 0.0316 0.0454 0.0818 0.0362 0.0539 0.0578 0.0549 0.0562 0.0568 0.0409 0.0443
0.0741 0.0337 0.0771 0.0035 0.0248 0.0800 0.0336 0.0699 0.0578 0.0941 0.0180 0.0894 0.0550 0.0308 0.0655
0.0620 0.0441 0.0632 0.0597 0.0632 0.0716 0.0308 0.0523 0.0549 0.0180 0.0158 0.0114 0.0419 0.0661 0.0599
0.0578 0.0451 0.0416 0.0756 0.0724 0.0614 0.0623 0.0398 0.0562 0.0894 0.0114 0.0217 0.0242 0.0582 0.0564
0.0570 0.0851 0.0380 0.0350 0.0456 0.0283 0.0274 0.0158 0.0568 0.0550 0.0419 0.0242 0.0190 0.0900 0.0338
0.0196 0.0641 0.0691 0.0249 0.0789 0.0523 0.0601 0.0872 0.0409 0.0308 0.0661 0.0582 0.0900 0.0415 0.0444
0.0296 0.0581 0.0230 0.0476 0.0328 0.0550 0.0658 0.0375 0.0443 0.0655 0.0599 0.0564 0.0338 0.0444 0.0206
