0.0106 0.1485 0.2524 0.2380 0.1806 0.1819 0.1208 0.1952 0.1075 0.1373
0.1485 0.0050 0.1349 0.0463 0.1274 0.1831 0.1388 0.1437 0.2701 0.2083
0.2524 0.1349 0.0076 0.2023 0.0640 0.2517 0.1830 0.0726 0.1020 0.2459
0.2380 0.0463 0.2023 0.0224 0.1448 0.1435 0.1860 0.2672 0.0397 0.0815
0.1806 0.1274 0.0640 0.1448 0.1577 0.1078 0.1839 0.2079 0.0096 0.1708
0.1819 0.1831 0.2517 0.1435 0.1078 0.1681 0.1916 0.0908 0.1978 0.1566
0.1208 0.1388 0.1830 0.1860 0.1839 0.1916 0.0979 0.1149 0.0886 0.1907
0.1952 0.1437 0.0726 0.2672 0.2079 0.0908 0.1149 0.2645 0.0520 0.2542
0.1075 0.2701 0.1020 0.0397 0.0096 0.1978 0.0886 0.0520 0.2205 0.1414
0.1373 0.2083 0.2459 0.0815 0.1708 0.1566 0.1907 0.2542 0.1414 0.2190
