0.2128 0.0897 0.2323 0.1436 0.2204 0.2121 0.1872 0.1879 0.1983 0.0848 0.1952 0.1874 0.1555 0.1573 0.0352
0.0897 0.0833 0.1242 0.1451 0.1296 0.2264 0.1441 0.0782 0.1266 0.0917 0.2591 0.2775 0.2546 0.2113 0.1044
0.2323 0.1242 0.1934 0.0628 0.0960 0.0776 0.1300 0.1730 0.0852 0.0254 0.2040 0.2133 0.0565 0.2544 0.1315
0.1436 0.1451 0.0628 0.2640 0.1405 0.0820 0.1473 0.1297 0.2296 0.2067 0.1032 0.1601 0.1197 0.2029 0.1759
0.2204 0.1296 0.0960 0.1405 0.2614 0.0857 0.1152 0.1472 0.1670 0.2001 0.1406 0.1781 0.1319 0.2051 0.2066
0.2121 0.2264 0.0776 0.0820 0.0857 0.1918 0.0782 0.1779 0.2071 0.1055 0.2002 0.1008 0.0292 0.1184 0.1091
0.1872 0.1441 0.1300 0.1473 0.1152 0.0782 0.1530 0.0555 0.1325 0.1989 0.2151 0.0889 0.2679 0.0959 0.1791
0.1879 0.0782 0.1730 0.1297 0.1472 0.1779 0.0555 0.0458 0.2452 0.2384 0.0790 0.2297 0.1411 0.0833 0.0337
0.1983 0.1266 0.0852 0.2296 0.1670 0.2071 0.1325 0.2452 0.1219 0.0445 0.1737 0.0664 0.1590 0.2983 0.1105
0.0848 0.0917 0.0254 0.2067 0.2001 0.1055 0.1989 0.2384 0.0445 0.2588 0.0850 0.0962 0.0574 0.1378 0.1356
0.1952 0.2591 0.2040 0.1032 0.1406 0.2002 0.2151 0.0790 0.1737 0.0850 0.0816 0.1028 0.1234 0.1271 0.1219
0.1874 0.2775 0.2133 0.1601 0.1781 0.1008 0.0889 0.2297 0.0664 0.0962 0.1028 0.0187 0.1321 0.2679 0.2201
0.1555 0.2546 0.0565 0.1197 0.1319 0.0292 0.2679 0.1411 0.1590 0.0574 0.1234 0.1321 0.0491 0.2472 0.1348
0.1573 0.2113 0.2544 0.2029 0.2051 0.1184 0.0959 0.0833 0.2983 0.1378 0.1271 0.2679 0.2472 0.2650 0.2635
0.0352 0.1044 0.1315 0.1759 0.2066 0.1091 0.1791 0.0337 0.1105 0.1356 0.1219 0.2201 0.1348 0.2635 0.1912
