0.0899 0.0688 0.0655 0.0881 0.0500 0.0362 0.0640 0.0162 0.0368 0.0580 0.0903 0.0352 0.0668 0.0524 0.0327
0.0688 0.0199 0.0217 0.0483 0.0553 0.0352 0.0388 0.0620 0.0538 0.0508 0.0689 0.0843 0.0904 0.0528 0.0780
0.0655 0.0217 0.0452 0.0785 0.0383 0.0528 0.0247 0.0446 0.0336 0.0482 0.0574 0.0265 0.0245 0.0317 0.0503
0.0881 0.0483 0.0785 0.0555 0.0675 0.0500 0.0487 0.0578 0.0351 0.0649 0.0819 0.0573 0.0132 0.0614 0.0705
0.0500 0.0553 0.0383 0.0675 0.0418 0.0233 0.0232 0.0493 0.0639 0.0481 0.0198 0.0550 0.0413 0.0895 0.0577
0.0362 0.0352 0.0528 0.0500 0.0233 0.0331 0.0631 0.0830 0.0407 0.0492 0.0576 0.0349 0.0307 0.0672 0.0575
0.0640 0.0388 0.0247 0.0487 0.0232 0.0631 0.0792 0.0574 0.0246 0.0415 0.0368 0.0295 0.0445 0.0480 0.0625
0.0162 0.0620 0.0446 0.0578 0.0493 0.0830 0.0574 0.0248 0.0594 0.0421 0.0438 0.0385 0.0321 0.0644 0.0430
0.0368 0.0538 0.0336 0.0351 0.0639 0.0407 0.0246 0.0594 0.0240 0.0411 0.0694 0.0207 0.0861 0.0609 0.0455
0.0580 0.0508 0.0482 0.0649 0.0481 0.0492 0.0415 0.0421 0.0411 0.0589 0.0459 0.0622 0.0474 0.0664 0.0469
0.0903 0.0689 0.0574 0.0819 0.0198 0.0576 0.0368 0.0438 0.0694 0.0459 0.0354 0.0714 0.0649 0.0330 0.0398
0.0352 0.0843 0.0265 0.0573 0.0550 0.0349 0.0295 0.0385 0.0207 0.0622 0.0714 0.0401 0.0519 0.0215 0.0409
0.0668 0.0904 0.0245 0.0132 0.0413 0.0307 0.0445 0.0321 0.0861 0.0474 0.0649 0.0519 0.0209 0.0585 0.0538
0.0524 0.0528 0.0317 0.0614 0.0895 0.0672 0.0480 0.0644 0.0609 0.0664 0.0330 0.0215 0.0585 0.0924 0.0203
0.0327 0.0780 0.0503 0.0705 0.0577 0.0575 0.0625 0.0430 0.0455 0.0469 0.0398 0.0409 0.0538 0.0203 0.0876
