0.0814 0.1094 0.2327 0.1546 0.1089 0.2488 0.1246 0.2714 0.2214 0.0442 0.1600 0.1456 0.1246 0.1132 0.1192
0.1094 0.1367 0.1837 0.1733 0.1542 0.2320 0.1894 0.1679 0.0406 0.1629 0.1158 0.0520 0.0418 0.0348 0.1609
0.2327 0.1837 0.2241 0.0290 0.0737 0.1821 0.1619 0.0784 0.1876 0.0877 0.0547 0.1886 0.2263 0.0976 0.0703
0.1546 0.1733 0.0290 0.0643 0.1199 0.2281 0.2389 0.1860 0.1930 0.0250 0.1921 0.0801 0.2233 0.0966 0.1928
0.1089 0.1542 0.0737 0.1199 0.2937 0.1749 0.2586 0.1328 0.2521 0.0963 0.1668 0.1373 0.1026 0.2608 0.0945
0.2488 0.2320 0.1821 0.2281 0.1749 0.2908 0.1248 0.1088 0.1139 0.2299 0.1466 0.0567 0.0323 0.1169 0.0932
0.1246 0.1894 0.1619 0.2389 0.2586 0.1248 0.1301 0.1503 0.1841 0.1521 0.2062 0.0485 0.1633 0.1634 0.1464
0.2714 0.1679 0.0784 0.1860 0.1328 0.1088 0.1503 0.2937 0.1328 0.1289 0.1256 0.1117 0.0695 0.1949 0.1570
0.2214 0.0406 0.1876 0.1930 0.2521 0.1139 0.1841 0.1328 0.2008 0.1387 0.2019 0.0348 0.0917 0.1948 0.2339
0.0442 0.1629 0.0877 0.0250 0.0963 0.2299 0.1521 0.1289 0.1387 0.2467 0.1838 0.0515 0.1575 0.2141 0.0614
0.1600 0.1158 0.0547 0.1921 0.1668 0.1466 0.2062 0.1256 0.2019 0.1838 0.0668 0.0697 0.1889 0.1654 0.0582
0.1456 0.0520 0.1886 0.0801 0.1373 0.0567 0.0485 0.1117 0.0348 0.0515 0.0697 0.2607 0.1311 0.2479 0.1942
0.1246 0.0418 0.2263 0.2233 0.1026 0.0323 0.1633 0.0695 0.0917 0.1575 0.1889 0.1311 0.1124 0.0566 0.2007
0.1132 0.0348 0.0976 0.0966 0.2608 0.1169 0.1634 0.1949 0.1948 0.2141 0.1654 0.2479 0.0566 0.2404 0.1836
0.1192 0.1609 0.0703 0.1928 0.0945 0.0932 0.1464 0.1570 0.2339 0.0614 0.0582 0.1942 0.2007 0.1836 0.2889
