0.0119 0.2219 0.1347 0.0271 0.0133 0.1706 0.2126 0.1609 0.2645 0.2424 0.1872 0.2355 0.1853 0.0207 0.1704 0.1784 0.1588 0.1690 0.1625 0.0911 0.2364 0.2007 0.2178 0.0318 0.1203 0.1720 0.2529 0.2195 0.1534 0.2261 0.0374 0.0609 0.2392 0.0998 0.1454 0.0391 0.0873 0.2894 0.1083 0.1730
0.2219 0.0922 0.0545 0.1410 0.1584 0.1240 0.0293 0.1369 0.1100 0.1990 0.1151 0.1628 0.2440 0.2072 0.2139 0.2164 0.1326 0.1650 0.1697 0.0949 0.0165 0.2580 0.2579 0.1792 0.1866 0.1350 0.1493 0.0797 0.1827 0.1188 0.1005 0.2751 0.0849 0.1923 0.2220 0.1902 0.1250 0.1648 0.2232 0.0878
0.1347 0.0545 0.2842 0.2075 0.2313 0.2518 0.0987 0.1616 0.1853 0.0956 0.1868 0.2023 0.2555 0.1190 0.0492 0.1460 0.1912 0.1424 0.2019 0.1760 0.1134 0.1531 0.1704 0.0649 0.1739 0.1303 0.1206 0.0534 0.1455 0.1096 0.2144 0.1512 0.1459 0.1611 0.2242 0.0711 0.1555 0.2024 0.1639 0.0717
0.0271 0.1410 0.2075 0.0734 0.1813 0.1417 0.0968 0.1813 0.0941 0.2584 0.2264 0.2389 0.1333 0.0432 0.1022 0.2721 0.0515 0.1423 0.0968 0.1677 0.0861 0.1987 0.1890 0.0848 0.1450 0.2562 0.0570 0.2430 0.1789 0.1739 0.0688 0.0370 0.1143 0.1696 0.0482 0.1244 0.1880 0.1851 0.1653 0.1908
0.0133 0.1584 0.2313 0.1813 0.2859 0.1847 0.0478 0.2327 0.0774 0.1290 0.1502 0.2569 0.0339 0.2054 0.1536 0.1698 0.1085 0.2252 0.1929 0.2095 0.1106 0.1013 0.0826 0.1657 0.1823 0.0737 0.0422 0.0936 0.1216 0.1434 0.1604 0.2032 0.1910 0.0976 0.1501 0.1126 0.0770 0.2741 0.1208 0.1420
0.1706 0.1240 0.2518 0.1417 0.1847 0.2822 0.1726 0.1912 0.1719 0.2175 0.2292 0.1816 0.0525 0.0556 0.1167 0.2028 0.0942 0.1404 0.0679 0.0979 0.2277 0.0584 0.2262 0.0791 0.1593 0.2106 0.0888 0.1686 0.1538 0.1497 0.0741 0.1185 0.2566 0.1273 0.1317 0.1550 0.1333 0.1714 0.1268 0.1535
0.2126 0.0293 0.0987 0.0968 0.0478 0.1726 0.0533 0.0689 0.0945 0.1351 0.0356 0.1401 0.1721 0.1742 0.0059 0.2624 0.0634 0.0706 0.1796 0.2736 0.1784 0.1032 0.2130 0.1382 0.2064 0.1928 0.0699 0.1414 0.2030 0.1547 0.1843 0.0575 0.1952 0.2105 0.1858 0.1949 0.0674 0.1893 0.1617 0.1380
0.1609 0.1369 0.1616 0.1813 0.2327 0.1912 0.0689 0.2151 0.0827 0.1697 0.1513 0.1401 0.0940 0.2044 0.1264 0.0651 0.0624 0.2187 0.1253 0.1777 0.2859 0.2441 0.1713 0.2196 0.2891 0.1120 0.2029 0.0541 0.2260 0.2366 0.2313 0.1355 0.1921 0.1723 0.1392 0.1564 0.0925 0.2680 0.1750 0.0451
0.2645 0.1100 0.1853 0.0941 0.0774 0.1719 0.0945 0.0827 0.0940 0.0822 0.1394 0.1748 0.1690 0.1777 0.0610 0.1426 0.2266 0.0962 0.0885 0.1507 0.2537 0.1209 0.1486 0.2329 0.2512 0.1888 0.2167 0.1496 0.0906 0.0811 0.0992 0.1558 0.2182 0.1763 0.0284 0.1444 0.0298 0.1049 0.1768 0.0982
0.2424 0.1990 0.0956 0.2584 0.1290 0.2175 0.1351 0.1697 0.0822 0.0198 0.1480 0.1843 0.0739 0.2781 0.1978 0.2085 0.2277 0.1762 0.1033 0.2443 0.2367 0.0629 0.2765 0.0463 0.1147 0.1764 0.2534 0.2028 0.2734 0.1752 0.1330 0.0662 0.2554 0.1239 0.0932 0.1819 0.0386 0.2196 0.1905 0.1976
0.1872 0.1151 0.1868 0.2264 0.1502 0.2292 0.0356 0.1513 0.1394 0.1480 0.2305 0.1685 0.0345 0.1544 0.1106 0.1775 0.2560 0.2188 0.0402 0.0453 0.1474 0.0591 0.2650 0.1032 0.1990 0.1808 0.2434 0.1830 0.1848 0.1233 0.1442 0.1712 0.2426 0.1068 0.1235 0.2771 0.2026 0.1780 0.1179 0.1790
0.2355 0.1628 0.2023 0.2389 0.2569 0.1816 0.1401 0.1401 0.1748 0.1843 0.1685 0.1646 0.1047 0.1203 0.1913 0.0943 0.1464 0.1077 0.1490 0.1282 0.1378 0.0832 0.2510 0.1487 0.1212 0.1751 0.1967 0.2266 0.1383 0.0717 0.0965 0.1273 0.2101 0.2347 0.1569 0.2201 0.1053 0.1511 0.1062 0.2051
0.1853 0.2440 0.2555 0.1333 0.0339 0.0525 0.1721 0.0940 0.1690 0.0739 0.0345 0.1047 0.1388 0.1331 0.2469 0.1123 0.1430 0.0611 0.1750 0.1938 0.1998 0.1812 0.2011 0.1334 0.1845 0.0873 0.1618 0.1766 0.1762 0.0555 0.0374 0.2264 0.2738 0.1533 0.1663 0.2333 0.1680 0.1246 0.1819 0.0991
0.0207 0.2072 0.1190 0.0432 0.2054 0.0556 0.1742 0.2044 0.1777 0.2781 0.1544 0.1203 0.1331 0.1611 0.0633 0.1924 0.2385 0.1904 0.2172 0.1063 0.0827 0.1815 0.0817 0.1474 0.1845 0.0510 0.1681 0.0606 0.2321 0.0746 0.1527 0.1629 0.1599 0.1333 0.1983 0.2078 0.0781 0.0931 0.1553 0.2084
0.1704 0.2139 0.0492 0.1022 0.1536 0.1167 0.0059 0.1264 0.0610 0.1978 0.1106 0.1913 0.2469 0.0633 0.1856 0.2699 0.1101 0.1261 0.0997 0.0801 0.2052 0.2513 0.0876 0.2102 0.2030 0.0307 0.1792 0.0713 0.1570 0.1579 0.0739 0.2120 0.1556 0.1080 0.1844 0.0882 0.0872 0.1837 0.0889 0.0991
0.1784 0.2164 0.1460 0.2721 0.1698 0.2028 0.2624 0.0651 0.1426 0.2085 0.1775 0.0943 0.1123 0.1924 0.2699 0.2845 0.1577 0.1136 0.1630 0.1646 0.1062 0.0614 0.2377 0.0748 0.1354 0.0369 0.1889 0.1944 0.0611 0.1056 0.0867 0.1748 0.1422 0.1221 0.1848 0.1533 0.2239 0.1632 0.2312 0.1668
0.1588 0.1326 0.1912 0.0515 0.1085 0.0942 0.0634 0.0624 0.2266 0.2277 0.2560 0.1464 0.1430 0.2385 0.1101 0.1577 0.2468 0.2628 0.1663 0.0769 0.0560 0.1768 0.1374 0.1128 0.1325 0.2315 0.1640 0.0512 0.1735 0.1789 0.0883 0.2050 0.1970 0.1093 0.0964 0.1812 0.1481 0.2428 0.2133 0.1160
0.1690 0.1650 0.1424 0.1423 0.2252 0.1404 0.0706 0.2187 0.0962 0.1762 0.2188 0.1077 0.0611 0.1904 0.1261 0.1136 0.2628 0.1497 0.1147 0.1713 0.1316 0.2275 0.1622 0.1819 0.1651 0.0423 0.2221 0.1110 0.0481 0.1675 0.2496 0.1143 0.2166 0.0875 0.1204 0.1402 0.1933 0.1123 0.0448 0.1805
0.1625 0.1697 0.2019 0.0968 0.1929 0.0679 0.1796 0.1253 0.0885 0.1033 0.0402 0.1490 0.1750 0.2172 0.0997 0.1630 0.1663 0.1147 0.0786 0.0820 0.1916 0.1097 0.1206 0.2742 0.1143 0.1185 0.1084 0.1544 0.0733 0.1492 0.1029 0.1997 0.0328 0.1198 0.1037 0.1435 0.1646 0.1456 0.2057 0.1450
0.0911 0.0949 0.1760 0.1677 0.2095 0.0979 0.2736 0.1777 0.1507 0.2443 0.0453 0.1282 0.1938 0.1063 0.0801 0.1646 0.0769 0.1713 0.0820 0.1177 0.1227 0.2189 0.0950 0.2707 0.1272 0.0741 0.1448 0.0709 0.2508 0.2020 0.1592 0.0737 0.2175 0.0501 0.2089 0.0783 0.2206 0.1742 0.1691 0.1392
0.2364 0.0165 0.1134 0.0861 0.1106 0.2277 0.1784 0.2859 0.2537 0.2367 0.1474 0.1378 0.1998 0.0827 0.2052 0.1062 0.0560 0.1316 0.1916 0.1227 0.1579 0.1208 0.1766 0.2045 0.1509 0.1728 0.1852 0.1074 0.1844 0.0994 0.2423 0.1935 0.0927 0.0284 0.1422 0.2533 0.1882 0.1319 0.1364 0.1535
0.2007 0.2580 0.1531 0.1987 0.1013 0.0584 0.1032 0.2441 0.1209 0.0629 0.0591 0.0832 0.1812 0.1815 0.2513 0.0614 0.1768 0.2275 0.1097 0.2189 0.1208 0.2926 0.0870 0.0714 0.1723 0.1468 0.1243 0.2202 0.0659 0.1897 0.2455 0.1808 0.1725 0.2091 0.1998 0.1369 0.1569 0.1196 0.2245 0.2557
0.2178 0.2579 0.1704 0.1890 0.0826 0.2262 0.2130 0.1713 0.1486 0.2765 0.2650 0.2510 0.2011 0.0817 0.0876 0.2377 0.1374 0.1622 0.1206 0.0950 0.1766 0.0870 0.0515 0.0578 0.1376 0.0754 0.1445 0.0725 0.1709 0.0756 0.2197 0.0621 0.0980 0.2251 0.0781 0.2038 0.0863 0.2143 0.0977 0.1764
0.0318 0.1792 0.0649 0.0848 0.1657 0.0791 0.1382 0.2196 0.2329 0.0463 0.1032 0.1487 0.1334 0.1474 0.2102 0.0748 0.1128 0.1819 0.2742 0.2707 0.2045 0.0714 0.0578 0.0075 0.2365 0.1259 0.1111 0.2184 0.2472 0.2772 0.1675 0.2197 0.1355 0.1414 0.2823 0.0087 0.2973 0.2669 0.0650 0.1303
0.1203 0.1866 0.1739 0.1450 0.1823 0.1593 0.2064 0.2891 0.2512 0.1147 0.1990 0.1212 0.1845 0.1845 0.2030 0.1354 0.1325 0.1651 0.1143 0.1272 0.1509 0.1723 0.1376 0.2365 0.0659 0.2196 0.2452 0.1171 0.2808 0.0420 0.1753 0.1098 0.1605 0.1091 0.2517 0.0370 0.1734 0.1556 0.1026 0.2389
0.1720 0.1350 0.1303 0.2562 0.0737 0.2106 0.1928 0.1120 0.1888 0.1764 0.1808 0.1751 0.0873 0.0510 0.0307 0.0369 0.2315 0.0423 0.1185 0.0741 0.1728 0.1468 0.0754 0.1259 0.2196 0.0103 0.1165 0.1224 0.1412 0.2340 0.2004 0.0629 0.0903 0.1257 0.2365 0.1796 0.0899 0.1136 0.1552 0.0420
0.2529 0.1493 0.1206 0.0570 0.0422 0.0888 0.0699 0.2029 0.2167 0.2534 0.2434 0.1967 0.1618 0.1681 0.1792 0.1889 0.1640 0.2221 0.1084 0.1448 0.1852 0.1243 0.1445 0.1111 0.2452 0.1165 0.2652 0.1394 0.1390 0.0989 0.0337 0.0638 0.1646 0.1092 0.1374 0.2042 0.0455 0.1061 0.2546 0.1074
0.2195 0.0797 0.0534 0.2430 0.0936 0.1686 0.1414 0.0541 0.1496 0.2028 0.1830 0.2266 0.1766 0.0606 0.0713 0.1944 0.0512 0.1110 0.1544 0.0709 0.1074 0.2202 0.0725 0.2184 0.1171 0.1224 0.1394 0.0225 0.1683 0.1536 0.1868 0.1349 0.0591 0.1643 0.1832 0.1287 0.1548 0.2342 0.1865 0.1979
0.1534 0.1827 0.1455 0.1789 0.1216 0.1538 0.2030 0.2260 0.0906 0.2734 0.1848 0.1383 0.1762 0.2321 0.1570 0.0611 0.1735 0.0481 0.0733 0.2508 0.1844 0.0659 0.1709 0.2472 0.2808 0.1412 0.1390 0.1683 0.2872 0.1940 0.0800 0.1011 0.1131 0.0454 0.1483 0.0901 0.1915 0.0781 0.2172 0.2309
0.2261 0.1188 0.1096 0.1739 0.1434 0.1497 0.1547 0.2366 0.0811 0.1752 0.1233 0.0717 0.0555 0.0746 0.1579 0.1056 0.1789 0.1675 0.1492 0.2020 0.0994 0.1897 0.0756 0.2772 0.0420 0.2340 0.0989 0.1536 0.1940 0.1971 0.0933 0.1434 0.1428 0.1727 0.0616 0.1753 0.1257 0.1055 0.1274 0.0832
0.0374 0.1005 0.2144 0.0688 0.1604 0.0741 0.1843 0.2313 0.0992 0.1330 0.1442 0.0965 0.0374 0.1527 0.0739 0.0867 0.0883 0.2496 0.1029 0.1592 0.2423 0.2455 0.2197 0.1675 0.1753 0.2004 0.0337 0.1868 0.0800 0.0933 0.1132 0.1689 0.1326 0.2059 0.1006 0.2127 0.2252 0.2020 0.1830 0.1246
0.0609 0.2751 0.1512 0.0370 0.2032 0.1185 0.0575 0.1355 0.1558 0.0662 0.1712 0.1273 0.2264 0.1629 0.2120 0.1748 0.2050 0.1143 0.1997 0.0737 0.1935 0.1808 0.0621 0.2197 0.1098 0.0629 0.0638 0.1349 0.1011 0.1434 0.1689 0.1542 0.2315 0.1313 0.1017 0.1352 0.0844 0.1570 0.0939 0.1657
0.2392 0.0849 0.1459 0.1143 0.1910 0.2566 0.1952 0.1921 0.2182 0.2554 0.2426 0.2101 0.2738 0.1599 0.1556 0.1422 0.1970 0.2166 0.0328 0.2175 0.0927 0.1725 0.0980 0.1355 0.1605 0.0903 0.1646 0.0591 0.1131 0.1428 0.1326 0.2315 0.0379 0.1520 0.1415 0.2128 0.1664 0.0522 0.1005 0.2460
0.0998 0.1923 0.1611 0.1696 0.0976 0.1273 0.2105 0.1723 0.1763 0.1239 0.1068 0.2347 0.1533 0.1333 0.1080 0.1221 0.1093 0.0875 0.1198 0.0501 0.0284 0.2091 0.2251 0.1414 0.1091 0.1257 0.1092 0.1643 0.0454 0.1727 0.2059 0.1313 0.1520 0.1026 0.1531 0.0820 0.0374 0.1933 0.2008 0.1066
0.1454 0.2220 0.2242 0.0482 0.1501 0.1317 0.1858 0.1392 0.0284 0.0932 0.1235 0.1569 0.1663 0.1983 0.1844 0.1848 0.0964 0.1204 0.1037 0.2089 0.1422 0.1998 0.0781 0.2823 0.2517 0.2365 0.1374 0.1832 0.1483 0.0616 0.1006 0.1017 0.1415 0.1531 0.0856 0.1915 0.1292 0.1318 0.2340 0.2750
0.0391 0.1902 0.0711 0.1244 0.1126 0.1550 0.1949 0.1564 0.1444 0.1819 0.2771 0.2201 0.2333 0.2078 0.0882 0.1533 0.1812 0.1402 0.1435 0.0783 0.2533 0.1369 0.2038 0.0087 0.0370 0.1796 0.2042 0.1287 0.0901 0.1753 0.2127 0.1352 0.2128 0.0820 0.1915 0.0213 0.1599 0.1498 0.2081 0.1754
0.0873 0.1250 0.1555 0.1880 0.0770 0.1333 0.0674 0.0925 0.0298 0.0386 0.2026 0.1053 0.1680 0.0781 0.0872 0.2239 0.1481 0.1933 0.1646 0.2206 0.1882 0.1569 0.0863 0.2973 0.1734 0.0899 0.0455 0.1548 0.1915 0.1257 0.2252 0.0844 0.1664 0.0374 0.1292 0.1599 0.1221 0.2083 0.2169 0.1689
0.2894 0.1648 0.2024 0.1851 0.2741 0.1714 0.1893 0.2680 0.1049 0.2196 0.1780 0.1511 0.1246 0.0931 0.1837 0.1632 0.2428 0.1123 0.1456 0.1742 0.1319 0.1196 0.2143 0.2669 0.1556 0.1136 0.1061 0.2342 0.0781 0.1055 0.2020 0.1570 0.0522 0.1933 0.1318 0.1498 0.2083 0.1598 0.1882 0.1534
0.1083 0.2232 0.1639 0.1653 0.1208 0.1268 0.1617 0.1750 0.1768 0.1905 0.1179 0.1062 0.1819 0.1553 0.0889 0.2312 0.2133 0.0448 0.2057 0.1691 0.1364 0.2245 0.0977 0.0650 0.1026 0.1552 0.2546 0.1865 0.2172 0.1274 0.1830 0.0939 0.1005 0.2008 0.2340 0.2081 0.2169 0.1882 0.0145 0.1041
0.1730 0.0878 0.0717 0.1908 0.1420 0.1535 0.1380 0.0451 0.0982 0.1976 0.1790 0.2051 0.0991 0.2084 0.0991 0.1668 0.1160 0.1805 0.1450 0.1392 0.1535 0.2557 0.1764 0.1303 0.2389 0.0420 0.1074 0.1979 0.2309 0.0832 0.1246 0.1657 0.2460 0.1066 0.2750 0.1754 0.1689 0.1534 0.1041 0.1480
