0.1496 0.1329 0.0399 0.0845 0.0748 0.2457 0.1142 0.1316 0.0324 0.2670 0.1437 0.1366 0.1971 0.1868 0.1849
0.1329 0.0856 0.2143 0.1491 0.2277 0.1201 0.2312 0.1479 0.2017 0.1895 0.0788 0.1729 0.0457 0.2119 0.1500
0.0399 0.2143 0.1123 0.1243 0.2384 0.2335 0.0065 0.1075 0.1942 0.2029 0.2016 0.1500 0.1887 0.1008 0.1836
0.0845 0.1491 0.1243 0.1694 0.1095 0.1332 0.0445 0.1366 0.2051 0.2022 0.0681 0.1472 0.1606 0.1985 0.0070
0.0748 0.2277 0.2384 0.1095 0.2218 0.1111 0.1897 0.1445 0.1213 0.1639 0.0353 0.0326 0.1708 0.0528 0.0925
0.2457 0.1201 0.2335 0.1332 0.1111 0.0081 0.0414 0.1464 0.1365 0.2275 0.1439 0.1664 0.2630 0.2006 0.1501
0.1142 0.2312 0.0065 0.0445 0.1897 0.0414 0.0987 0.1743 0.1646 0.1177 0.1538 0.0596 0.2273 0.1018 0.1541
0.1316 0.1479 0.1075 0.1366 0.1445 0.1464 0.1743 0.1638 0.2611 0.0722 0.1137 0.1264 0.0788 0.0272 0.1969
0.0324 0.2017 0.1942 0.2051 0.1213 0.1365 0.1646 0.2611 0.0668 0.1047 0.1535 0.2378 0.0842 0.2516 0.1453
0.2670 0.1895 0.2029 0.2022 0.1639 0.2275 0.1177 0.0722 0.1047 0.0026 0.0645 0.2492 0.1969 0.2194 0.0152
0.1437 0.0788 0.2016 0.0681 0.0353 0.1439 0.1538 0.1137 0.1535 0.0645 0.2583 0.2353 0.1940 0.1550 0.1797
0.1366 0.1729 0.1500 0.1472 0.0326 0.1664 0.0596 0.1264 0.2378 0.2492 0.2353 0.0756 0.2275 0.1440 0.1465
0.1971 0.0457 0.1887 0.1606 0.1708 0.2630 0.2273 0.0788 0.0842 0.1969 0.1940 0.2275 0.2843 0.1309 0.0970
0.1868 0.2119 0.1008 0.1985 0.0528 0.2006 0.1018 0.0272 0.2516 0.2194 0.1550 0.1440 0.1309 0.1515 0.1231
0.1849 0.1500 0.1836 0.0070 0.0925 0.1501 0.1541 0.1969 0.1453 0.0152 0.1797 0.1465 0.0970 0.1231 0.1257
