0.2601 0.0843 0.1179 0.1048 0.2687 0.0324 0.1155 0.0598 0.1611 0.1908
0.0843 0.0841 0.1889 0.1268 0.1497 0.2138 0.1081 0.0697 0.1785 0.2322
0.1179 0.1889 0.1015 0.2119 0.2538 0.1772 0.2631 0.1871 0.1104 0.0903
0.1048 0.1268 0.2119 0.1305 0.0860 0.1972 0.1619 0.1146 0.1727 0.1505
0.2687 0.1497 0.2538 0.0860 0.0471 0.1639 0.1624 0.2175 0.1699 0.2437
0.0324 0.2138 0.1772 0.1972 0.1639 0.2782 0.2178 0.1735 0.1551 0.0779
0.1155 0.1081 0.2631 0.1619 0.1624 0.2178 0.1519 0.0232 0.1687 0.1592
0.0598 0.0697 0.1871 0.1146 0.2175 0.1735 0.0232 0.0564 0.1460 0.1462
0.1611 0.1785 0.1104 0.1727 0.1699 0.1551 0.1687 0.1460 0.0560 0.1843
0.1908 0.2322 0.0903 0.1505 0.2437 0.0779 0.1592 0.1462 0.1843 0.1656
