0.0545 0.0730 0.0290 0.0704 0.0688 0.0712 0.0615 0.0453 0.0673 0.0252 0.0339 0.0404 0.0319 0.0288 0.0438
0.0730 0.0931 0.0238 0.0335 0.0475 0.0659 0.0419 0.0129 0.0451 0.0320 0.0398 0.0499 0.0372 0.0291 0.0694
0.0290 0.0238 0.0442 0.0376 0.0623 0.0307 0.0533 0.0399 0.0374 0.0299 0.0746 0.0124 0.0549 0.0370 0.0838
0.0704 0.0335 0.0376 0.0438 0.0420 0.0263 0.0831 0.0417 0.0896 0.0430 0.0902 0.0562 0.0283 0.0033 0.0217
0.0688 0.0475 0.0623 0.0420 0.0364 0.0067 0.0109 0.0614 0.0426 0.0538 0.0475 0.0833 0.0479 0.0543 0.0631
0.0712 0.0659 0.0307 0.0263 0.0067 0.0215 0.0455 0.0395 0.0440 0.0527 0.0622 0.0485 0.0467 0.0565 0.0601
0.0615 0.0419 0.0533 0.0831 0.0109 0.0455 0.0420 0.0100 0.0226 0.0605 0.0452 0.0211 0.0301 0.0357 0.0263
0.0453 0.0129 0.0399 0.0417 0.0614 0.0395 0.0100 0.0858 0.0533 0.0659 0.0677 0.0754 0.0479 0.0549 0.0767
0.0673 0.0451 0.0374 0.0896 0.0426 0.0440 0.0226 0.0533 0.0880 0.0535 0.0664 0.0719 0.0163 0.0649 0.0698
0.0252 0.0320 0.0299 0.0430 0.0538 0.0527 0.0605 0.0659 0.0535 0.0162 0.0703 0.0517 0.0692 0.0732 0.0695
0.0339 0.0398 0.0746 0.0902 0.0475 0.0622 0.0452 0.0677 0.0664 0.0703 0.0075 0.0467 0.0354 0.0682 0.0794
0.0404 0.0499 0.0124 0.0562 0.0833 0.0485 0.0211 0.0754 0.0719 0.0517 0.0467 0.0979 0.0413 0.0162 0.0363
0.0319 0.0372 0.0549 0.0283 0.0479 0.0467 0.0301 0.0479 0.0163 0.0692 0.0354 0.0413 0.0340 0.0191 0.0496
0.0288 0.0291 0.0370 0.0033 0.0543 0.0565 0.0357 0.0549 0.0649 0.0732 0.0682 0.0162 0.0191 0.0560 0.0349
0.0438 0.0694 0.0838 0.0217 0.0631 0.0601 0.0263 0.0767 0.0698 0.0695 0.0794 0.0363 0.0496 0.0349 0.0194
