0.0938 0.0908 0.0566 0.0194 0.0442 0.0443 0.0454 0.0328 0.0724 0.0537
0.0908 0.0176 0.0815 0.0489 0.0673 0.0280 0.0388 0.0237 0.0463 0.0549
0.0566 0.0815 0.0165 0.0448 0.0487 0.0141 0.0631 0.0254 0.0165 0.0405
0.0194 0.0489 0.0448 0.0956 0.0442 0.0888 0.0213 0.0629 0.0461 0.0448
0.0442 0.0673 0.0487 0.0442 0.0081 0.0705 0.0557 0.0548 0.0394 0.0622
0.0443 0.0280 0.0141 0.0888 0.0705 0.0326 0.0309 0.0592 0.0278 0.0449
0.0454 0.0388 0.0631 0.0213 0.0557 0.0309 0.0739 0.0146 0.0411 0.0663
0.0328 0.0237 0.0254 0.0629 0.0548 0.0592 0.0146 0.0420 0.0077 0.0664
0.0724 0.0463 0.0165 0.0461 0.0394 0.0278 0.0411 0.0077 0.0212 0.0569
0.0537 0.0549 0.0405 0.0448 0.0622 0.0449 0.0663 0.0664 0.0569 0.0871
