0.2909 0.0803 0.2011 0.1437 0.2516 0.0617 0.1821 0.1236 0.0625 0.1809 0.0538 0.1729 0.1450 0.0509 0.0159 0.0065 0.0644 0.2403 0.1467 0.1343
0.0803 0.2743 0.1939 0.2892 0.1341 0.1494 0.2052 0.1574 0.1466 0.1173 0.2001 0.1254 0.1929 0.1942 0.1456 0.0509 0.1569 0.1802 0.1623 0.2536
0.2011 0.1939 0.2096 0.1068 0.1845 0.0837 0.1683 0.2350 0.2245 0.1195 0.0614 0.2253 0.1181 0.2094 0.2892 0.1204 0.1733 0.0170 0.1491 0.1523
0.1437 0.2892 0.1068 0.1488 0.1382 0.2235 0.0800 0.1219 0.1190 0.1464 0.1230 0.1206 0.1473 0.1893 0.0657 0.1684 0.0946 0.1113 0.1311 0.2513
0.2516 0.1341 0.1845 0.1382 0.0665 0.1314 0.1668 0.0709 0.1075 0.2661 0.1558 0.2065 0.0394 0.2499 0.1145 0.1077 0.0567 0.0900 0.0837 0.0651
0.0617 0.1494 0.0837 0.2235 0.1314 0.2270 0.1634 0.1283 0.1026 0.2152 0.1158 0.1995 0.1160 0.2020 0.1239 0.0986 0.2422 0.1710 0.1476 0.1478
0.1821 0.2052 0.1683 0.0800 0.1668 0.1634 0.2037 0.1685 0.1184 0.0085 0.1635 0.1446 0.0994 0.1299 0.2158 0.1372 0.2030 0.1634 0.0377 0.1489
0.1236 0.1574 0.2350 0.1219 0.0709 0.1283 0.1685 0.0467 0.1811 0.2203 0.0984 0.1213 0.1524 0.0818 0.2815 0.0548 0.1542 0.1212 0.0918 0.1342
0.0625 0.1466 0.2245 0.1190 0.1075 0.1026 0.1184 0.1811 0.0811 0.0669 0.1661 0.1138 0.1736 0.2447 0.2645 0.1665 0.2521 0.1523 0.2622 0.2638
0.1809 0.1173 0.1195 0.1464 0.2661 0.2152 0.0085 0.2203 0.0669 0.1585 0.1831 0.1172 0.1781 0.1964 0.2583 0.1129 0.1820 0.0771 0.1652 0.0769
0.0538 0.2001 0.0614 0.1230 0.1558 0.1158 0.1635 0.0984 0.1661 0.1831 0.1729 0.2063 0.1815 0.1842 0.2042 0.0802 0.2425 0.2364 0.2592 0.1862
0.1729 0.1254 0.2253 0.1206 0.2065 0.1995 0.1446 0.1213 0.1138 0.1172 0.2063 0.2656 0.0404 0.2879 0.2348 0.1694 0.1600 0.1650 0.2001 0.1452
0.1450 0.1929 0.1181 0.1473 0.0394 0.1160 0.0994 0.1524 0.1736 0.1781 0.1815 0.0404 0.0499 0.1516 0.1855 0.1393 0.0648 0.2065 0.1243 0.1105
0.0509 0.1942 0.2094 0.1893 0.2499 0.2020 0.1299 0.0818 0.2447 0.1964 0.1842 0.2879 0.1516 0.1431 0.1265 0.1405 0.0407 0.0327 0.1266 0.0557
0.0159 0.1456 0.2892 0.0657 0.1145 0.1239 0.2158 0.2815 0.2645 0.2583 0.2042 0.2348 0.1855 0.1265 0.0439 0.0477 0.0121 0.0875 0.2520 0.1064
0.0065 0.0509 0.1204 0.1684 0.1077 0.0986 0.1372 0.0548 0.1665 0.1129 0.0802 0.1694 0.1393 0.1405 0.0477 0.0605 0.1406 0.2036 0.2758 0.0659
0.0644 0.1569 0.1733 0.0946 0.0567 0.2422 0.2030 0.1542 0.2521 0.1820 0.2425 0.1600 0.0648 0.0407 0.0121 0.1406 0.2806 0.1815 0.2098 0.0851
0.2403 0.1802 0.0170 0.1113 0.0900 0.1710 0.1634 0.1212 0.1523 0.0771 0.2364 0.1650 0.2065 0.0327 0.0875 0.2036 0.1815 0.0918 0.0852 0.0919
0.1467 0.1623 0.1491 0.1311 0.0837 0.1476 0.0377 0.0918 0.2622 0.1652 0.2592 0.2001 0.1243 0.1266 0.2520 0.2758 0.2098 0.0852 0.2822 0.1895
0.1343 0.2536 0.1523 0.2513 0.0651 0.1478 0.1489 0.1342 0.2638 0.0769 0.1862 0.1452 0.1105 0.0557 0.1064 0.0659 0.0851 0.0919 0.1895 0.1979
