0.0721 0.0393 0.0304 0.0825 0.0384 0.0531 0.0882 0.0649 0.0799 0.0605 0.0498 0.0381 0.0688 0.0379 0.0784 0.0489 0.0909 0.0507 0.0611 0.0190
0.0393 0.0600 0.0412 0.0382 0.0251 0.0442 0.0180 0.0340 0.0427 0.0291 0.0451 0.0591 0.0708 0.0381 0.0645 0.0182 0.0182 0.0494 0.0309 0.0511
0.0304 0.0412 0.0980 0.0426 0.0690 0.0650 0.0599 0.0472 0.0648 0.0352 0.0415 0.0465 0.0603 0.0207 0.0571 0.0515 0.0401 0.0713 0.0433 0.0655
0.0825 0.0382 0.0426 0.0236 0.0594 0.0021 0.0528 0.0604 0.0541 0.0812 0.0654 0.0469 0.0528 0.0071 0.0915 0.0663 0.0260 0.0096 0.0056 0.0421
0.0384 0.0251 0.0690 0.0594 0.0650 0.0215 0.0450 0.0500 0.0887 0.0507 0.0671 0.0803 0.0334 0.0364 0.0143 0.0458 0.0615 0.0794 0.0673 0.0531
0.0531 0.0442 0.0650 0.0021 0.0215 0.0274 0.0600 0.0650 0.0497 0.0672 0.0484 0.0688 0.0152 0.0450 0.0511 0.0735 0.0518 0.0931 0.0173 0.0323
0.0882 0.0180 0.0599 0.0528 0.0450 0.0600 0.0770 0.0898 0.0516 0.0639 0.0589 0.0791 0.0190 0.0516 0.0361 0.0386 0.0549 0.0518 0.0050 0.0322
0.0649 0.0340 0.0472 0.0604 0.0500 0.0650 0.0898 0.0274 0.0771 0.0444 0.0544 0.0598 0.0546 0.0297 0.0736 0.0542 0.0407 0.0048 0.0545 0.0179
0.0799 0.0427 0.0648 0.0541 0.0887 0.0497 0.0516 0.0771 0.0167 0.0458 0.0384 0.0049 0.0152 0.0210 0.0469 0.0546 0.0948 0.0305 0.0493 0.0637
0.0605 0.0291 0.0352 0.0812 0.0507 0.0672 0.0639 0.0444 0.0458 0.0545 0.0689 0.0425 0.0642 0.0437 0.0524 0.0695 0.0445 0.0543 0.0500 0.0539
0.0498 0.0451 0.0415 0.0654 0.0671 0.0484 0.0589 0.0544 0.0384 0.0689 0.0676 0.0720 0.0833 0.0769 0.0616 0.0751 0.0722 0.0524 0.0302 0.0766
0.0381 0.0591 0.0465 0.0469 0.0803 0.0688 0.0791 0.0598 0.0049 0.0425 0.0720 0.0526 0.0684 0.0806 0.0203 0.0675 0.0343 0.0776 0.0348 0.0486
0.0688 0.0708 0.0603 0.0528 0.0334 0.0152 0.0190 0.0546 0.0152 0.0642 0.0833 0.0684 0.0259 0.0440 0.0667 0.0574 0.0352 0.0529 0.0758 0.0268
0.0379 0.0381 0.0207 0.0071 0.0364 0.0450 0.0516 0.0297 0.0210 0.0437 0.0769 0.0806 0.0440 0.0076 0.0773 0.0470 0.0522 0.0568 0.0635 0.0372
0.0784 0.0645 0.0571 0.0915 0.0143 0.0511 0.0361 0.0736 0.0469 0.0524 0.0616 0.0203 0.0667 0.0773 0.0622 0.0103 0.0512 0.0864 0.0941 0.0628
0.0489 0.0182 0.0515 0.0663 0.0458 0.0735 0.0386 0.0542 0.0546 0.0695 0.0751 0.0675 0.0574 0.0470 0.0103 0.0906 0.0724 0.0212 0.0481 0.0565
0.0909 0.0182 0.0401 0.0260 0.0615 0.0518 0.0549 0.0407 0.0948 0.0445 0.0722 0.0343 0.0352 0.0522 0.0512 0.0724 0.0335 0.0631 0.0386 0.0897
0.0507 0.0494 0.0713 0.0096 0.0794 0.0931 0.0518 0.0048 0.0305 0.0543 0.0524 0.0776 0.0529 0.0568 0.0864 0.0212 0.0631 0.0973 0.0474 0.0326
0.0611 0.0309 0.0433 0.0056 0.0673 0.0173 0.0050 0.0545 0.0493 0.0500 0.0302 0.0348 0.0758 0.0635 0.0941 0.0481 0.0386 0.0474 0.0445 0.0387
0.0190 0.0511 0.0655 0.0421 0.0531 0.0323 0.0322 0.0179 0.0637 0.0539 0.0766 0.0486 0.0268 0.0372 0.0628 0.0565 0.0897 0.0326 0.0387 0.0967
