0.1247 0.0245 0.1150 0.1851 0.1777 0.0028 0.1923 0.0393 0.1707 0.2771 0.2801 0.2537 0.1223 0.1694 0.1677
0.0245 0.1432 0.1898 0.1783 0.2258 0.0353 0.1510 0.1382 0.1330 0.1436 0.2240 0.0198 0.0751 0.0580 0.1579
0.1150 0.1898 0.0662 0.1383 0.1917 0.1951 0.1282 0.1179 0.2060 0.1068 0.1940 0.2715 0.1728 0.2424 0.2240
0.1851 0.1783 0.1383 0.2255 0.1405 0.1220 0.1332 0.2209 0.1361 0.2320 0.2315 0.1875 0.0747 0.1289 0.1285
0.1777 0.2258 0.1917 0.1405 0.1700 0.2033 0.1082 0.1226 0.2544 0.0193 0.1058 0.1610 0.1070 0.0324 0.1315
0.0028 0.0353 0.1951 0.1220 0.2033 0.1945 0.1832 0.1477 0.1400 0.0848 0.1362 0.1825 0.1912 0.1188 0.2151
0.1923 0.1510 0.1282 0.1332 0.1082 0.1832 0.1008 0.0926 0.1084 0.1205 0.1302 0.0809 0.1033 0.1137 0.2033
0.0393 0.1382 0.1179 0.2209 0.1226 0.1477 0.0926 0.0353 0.0413 0.1676 0.0852 0.1488 0.1540 0.1969 0.0943
0.1707 0.1330 0.2060 0.1361 0.2544 0.1400 0.1084 0.0413 0.1163 0.0351 0.0904 0.1121 0.1912 0.2340 0.1106
0.2771 0.1436 0.1068 0.2320 0.0193 0.0848 0.1205 0.1676 0.0351 0.0784 0.1213 0.0821 0.1213 0.1891 0.2047
0.2801 0.2240 0.1940 0.2315 0.1058 0.1362 0.1302 0.0852 0.0904 0.1213 0.2063 0.0998 0.0296 0.0428 0.2297
0.2537 0.0198 0.2715 0.1875 0.1610 0.1825 0.0809 0.1488 0.1121 0.0821 0.0998 0.0169 0.1292 0.1551 0.2216
0.1223 0.0751 0.1728 0.0747 0.1070 0.1912 0.1033 0.1540 0.1912 0.1213 0.0296 0.1292 0.1307 0.1707 0.2007
0.1694 0.0580 0.2424 0.1289 0.0324 0.1188 0.1137 0.1969 0.2340 0.1891 0.0428 0.1551 0.1707 0.1008 0.1157
0.1677 0.1579 0.2240 0.1285 0.1315 0.2151 0.2033 0.0943 0.1106 0.2047 0.2297 0.2216 0.2007 0.1157 0.0516
