0.0378 0.0213 0.0360 0.0111 0.0325 0.0504 0.0484 0.0197 0.0340 0.0282
0.0213 0.0814 0.0103 0.0759 0.0361 0.0348 0.0414 0.0667 0.0634 0.0831
0.0360 0.0103 0.0964 0.0366 0.0785 0.0272 0.0658 0.0410 0.0326 0.0393
0.0111 0.0759 0.0366 0.0650 0.0802 0.0476 0.0622 0.0665 0.0404 0.0433
0.0325 0.0361 0.0785 0.0802 0.0470 0.0564 0.0470 0.0544 0.0278 0.0475
0.0504 0.0348 0.0272 0.0476 0.0564 0.0538 0.0576 0.0286 0.0581 0.0585
0.0484 0.0414 0.0658 0.0622 0.0470 0.0576 0.0763 0.0347 0.0494 0.0718
0.0197 0.0667 0.0410 0.0665 0.0544 0.0286 0.0347 0.0227 0.0579 0.0740
0.0340 0.0634 0.0326 0.0404 0.0278 0.0581 0.0494 0.0579 0.0416 0.0500
0.0282 0.0831 0.0393 0.0433 0.0475 0.0585 0.0718 0.0740 0.0500 0.0434
