0.1449 0.1894 0.1238 0.1034 0.0541 0.2378 0.0800 0.1828 0.0236 0.1621
0.1894 0.0245 0.0572 0.0980 0.1396 0.1176 0.1405 0.1192 0.2521 0.1462
0.1238 0.0572 0.2430 0.2164 0.1295 0.2294 0.2431 0.2291 0.0477 0.2071
0.1034 0.0980 0.2164 0.2565 0.2293 0.1910 0.0595 0.1480 0.0743 0.2052
0.0541 0.1396 0.1295 0.2293 0.2213 0.1001 0.1656 0.0752 0.1224 0.1123
0.2378 0.1176 0.2294 0.1910 0.1001 0.2393 0.2294 0.0989 0.1086 0.1895
0.0800 0.1405 0.2431 0.0595 0.1656 0.2294 0.0361 0.2008 0.1936 0.1981
0.1828 0.1192 0.2291 0.1480 0.0752 0.0989 0.2008 0.2876 0.1769 0.1680
0.0236 0.2521 0.0477 0.0743 0.1224 0.1086 0.1936 0.1769 0.1265 0.1493
0.1621 0.1462 0.2071 0.2052 0.1123 0.1895 0.1981 0.1680 0.1493 0.2304
