0.1012 0.1705 0.1922 0.2332 0.2121 0.0763 0.1589 0.1251 0.0284 0.1371
0.1705 0.2292 0.2496 0.1744 0.2140 0.1657 0.1147 0.2430 0.2305 0.1679
0.1922 0.2496 0.2813 0.0328 0.2130 0.0864 0.1307 0.2391 0.1698 0.2216
0.2332 0.1744 0.0328 0.1490 0.2714 0.1414 0.1020 0.0923 0.1672 0.2498
0.2121 0.2140 0.2130 0.2714 0.2967 0.1646 0.0992 0.0912 0.2069 0.2518
0.0763 0.1657 0.0864 0.1414 0.1646 0.2891 0.0484 0.2621 0.2787 0.1075
0.1589 0.1147 0.1307 0.1020 0.0992 0.0484 0.1170 0.1368 0.1431 0.2054
0.1251 0.2430 0.2391 0.0923 0.0912 0.2621 0.1368 0.1342 0.0442 0.1115
0.0284 0.2305 0.1698 0.1672 0.2069 0.2787 0.1431 0.0442 0.0575 0.2069
0.1371 0.1679 0.2216 0.2498 0.2518 0.1075 0.2054 0.1115 0.2069 0.0121
