0.0109 0.0070 0.0363 0.0084 0.0751 0.0541 0.0372 0.0491 0.0046 0.0959
0.0070 0.0575 0.0541 0.0442 0.0433 0.0226 0.0371 0.0127 0.0450 0.0638
0.0363 0.0541 0.0810 0.0214 0.0478 0.0756 0.0676 0.0830 0.0749 0.0363
0.0084 0.0442 0.0214 0.0012 0.0237 0.0402 0.0501 0.0573 0.0448 0.0686
0.0751 0.0433 0.0478 0.0237 0.0652 0.0168 0.0408 0.0632 0.0739 0.0609
0.0541 0.0226 0.0756 0.0402 0.0168 0.0323 0.0241 0.0105 0.0674 0.0297
0.0372 0.0371 0.0676 0.0501 0.0408 0.0241 0.0684 0.0702 0.0221 0.0310
0.0491 0.0127 0.0830 0.0573 0.0632 0.0105 0.0702 0.0233 0.0611 0.0418
0.0046 0.0450 0.0749 0.0448 0.0739 0.0674 0.0221 0.0611 0.0978 0.0403
0.0959 0.0638 0.0363 0.0686 0.0609 0.0297 0.0310 0.0418 0.0403 0.0648
