0.0050 0.0722 0.0478 0.0253 0.0322 0.0267 0.0717 0.0555 0.0627 0.0320 0.0654 0.0380 0.0607 0.0554 0.0874 0.0508 0.0095 0.0180 0.0612 0.0454
0.0722 0.0242 0.0585 0.0274 0.0650 0.0874 0.0749 0.0645 0.0561 0.0759 0.0488 0.0274 0.0402 0.0469 0.0532 0.0276 0.0356 0.0298 0.0395 0.0224
0.0478 0.0585 0.0557 0.0449 0.0548 0.0613 0.0251 0.0204 0.0574 0.0436 0.0468 0.0668 0.0117 0.0478 0.0454 0.0533 0.0912 0.0381 0.0407 0.0677
0.0253 0.0274 0.0449 0.0759 0.0660 0.0288 0.0624 0.0565 0.0631 0.0810 0.0645 0.0529 0.0764 0.0383 0.0588 0.0160 0.0220 0.0455 0.0377 0.0453
0.0322 0.0650 0.0548 0.0660 0.0576 0.0630 0.0489 0.0291 0.0834 0.0404 0.0378 0.0882 0.0873 0.0527 0.0920 0.0708 0.0575 0.0810 0.0810 0.0666
0.0267 0.0874 0.0613 0.0288 0.0630 0.0955 0.0643 0.0570 0.0589 0.0373 0.0573 0.0657 0.0919 0.0381 0.0206 0.0369 0.0488 0.0632 0.0146 0.0436
0.0717 0.0749 0.0251 0.0624 0.0489 0.0643 0.0296 0.0543 0.0280 0.0194 0.0341 0.0741 0.0510 0.0836 0.0372 0.0655 0.0467 0.0592 0.0392 0.0700
0.0555 0.0645 0.0204 0.0565 0.0291 0.0570 0.0543 0.0431 0.0717 0.0829 0.0154 0.0736 0.0350 0.0507 0.0436 0.0304 0.0357 0.0631 0.0163 0.0302
0.0627 0.0561 0.0574 0.0631 0.0834 0.0589 0.0280 0.0717 0.0238 0.0380 0.0517 0.0569 0.0639 0.0121 0.0263 0.0362 0.0266 0.0982 0.0334 0.0537
0.0320 0.0759 0.0436 0.0810 0.0404 0.0373 0.0194 0.0829 0.0380 0.0147 0.0192 0.0162 0.0170 0.0611 0.0205 0.0275 0.0507 0.0406 0.0646 0.0151
0.0654 0.0488 0.0468 0.0645 0.0378 0.0573 0.0341 0.0154 0.0517 0.0192 0.0448 0.0513 0.0700 0.0794 0.0534 0.0284 0.0793 0.0567 0.0339 0.0262
0.0380 0.0274 0.0668 0.0529 0.0882 0.0657 0.0741 0.0736 0.0569 0.0162 0.0513 0.0556 0.0059 0.0412 0.0436 0.0067 0.0148 0.0486 0.0717 0.0831
0.0607 0.0402 0.0117 0.0764 0.0873 0.0919 0.0510 0.0350 0.0639 0.0170 0.0700 0.0059 0.0840 0.0736 0.0240 0.0525 0.0497 0.0490 0.0899 0.0354
0.0554 0.0469 0.0478 0.0383 0.0527 0.0381 0.0836 0.0507 0.0121 0.0611 0.0794 0.0412 0.0736 0.0871 0.0647 0.0445 0.0983 0.0467 0.0872 0.0773
0.0874 0.0532 0.0454 0.0588 0.0920 0.0206 0.0372 0.0436 0.0263 0.0205 0.0534 0.0436 0.0240 0.0647 0.0308 0.0525 0.0223 0.0713 0.0703 0.0716
0.0508 0.0276 0.0533 0.0160 0.0708 0.0369 0.0655 0.0304 0.0362 0.0275 0.0284 0.0067 0.0525 0.0445 0.0525 0.0988 0.0329 0.0691 0.0462 0.0479
0.0095 0.0356 0.0912 0.0220 0.0575 0.0488 0.0467 0.0357 0.0266 0.0507 0.0793 0.0148 0.0497 0.0983 0.0223 0.0329 0.0983 0.0650 0.0877 0.0603
0.0180 0.0298 0.0381 0.0455 0.0810 0.0632 0.0592 0.0631 0.0982 0.0406 0.0567 0.0486 0.0490 0.0467 0.0713 0.0691 0.0650 0.0952 0.0293 0.0379
0.0612 0.0395 0.0407 0.0377 0.0810 0.0146 0.0392 0.0163 0.0334 0.0646 0.0339 0.0717 0.0899 0.0872 0.0703 0.0462 0.0877 0.0293 0.0332 0.0846
0.0454 0.0224 0.0677 0.0453 0.0666 0.0436 0.0700 0.0302 0.0537 0.0151 0.0262 0.0831 0.0354 0.0773 0.0716 0.0479 0.0603 0.0379 0.0846 0.0240
