0.0100 0.0381 0.0774 0.0436 0.0195 0.0758 0.0635 0.0506 0.0419 0.0481
0.0381 0.0924 0.0287 0.0573 0.0150 0.0243 0.0400 0.0482 0.0239 0.0831
0.0774 0.0287 0.0183 0.0701 0.0715 0.0298 0.0671 0.0119 0.0821 0.0697
0.0436 0.0573 0.0701 0.0126 0.0447 0.0217 0.0586 0.0298 0.0721 0.0679
0.0195 0.0150 0.0715 0.0447 0.0375 0.0506 0.0401 0.0466 0.0518 0.0518
0.0758 0.0243 0.0298 0.0217 0.0506 0.0421 0.0714 0.0455 0.0183 0.0867
0.0635 0.0400 0.0671 0.0586 0.0401 0.0714 0.0799 0.0526 0.0837 0.0127
0.0506 0.0482 0.0119 0.0298 0.0466 0.0455 0.0526 0.0525 0.0292 0.0790
0.0419 0.0239 0.0821 0.0721 0.0518 0.0183 0.0837 0.0292 0.0611 0.0394
0.0481 0.0831 0.0697 0.0679 0.0518 0.0867 0.0127 0.0790 0.0394 0.0725
