0.0108 0.2521 0.1487 0.0391 0.1419 0.1851 0.1949 0.1569 0.1090 0.1389
0.2521 0.2692 0.2392 0.1342 0.0464 0.1332 0.2078 0.1912 0.1325 0.1611
0.1487 0.2392 0.0900 0.1380 0.0703 0.1921 0.0782 0.2643 0.1612 0.1374
0.0391 0.1342 0.1380 0.1923 0.2033 0.2044 0.1145 0.1701 0.0945 0.1689
0.1419 0.0464 0.0703 0.2033 0.2219 0.1698 0.0563 0.1357 0.1962 0.1726
0.1851 0.1332 0.1921 0.2044 0.1698 0.1576 0.1698 0.2580 0.1249 0.0599
0.1949 0.2078 0.0782 0.1145 0.0563 0.1698 0.0774 0.1095 0.2363 0.1729
0.1569 0.1912 0.2643 0.1701 0.1357 0.2580 0.1095 0.1180 0.0978 0.0684
0.1090 0.1325 0.1612 0.0945 0.1962 0.1249 0.2363 0.0978 0.1256 0.0624
0.1389 0.1611 0.1374 0.1689 0.1726 0.0599 0.1729 0.0684 0.0624 0.1455
