0.0516 0.0173 0.0588 0.0373 0.0684 0.0287 0.0732 0.0172 0.0363 0.0813 0.0864 0.0499 0.0619 0.0638 0.0749
0.0173 0.0313 0.0226 0.0447 0.0327 0.0397 0.0816 0.0537 0.0718 0.0455 0.0531 0.0431 0.0265 0.0253 0.0783
0.0588 0.0226 0.0811 0.0307 0.0752 0.0281 0.0370 0.0597 0.0276 0.0844 0.0766 0.0184 0.0352 0.0242 0.0221
0.0373 0.0447 0.0307 0.0814 0.0119 0.0589 0.0195 0.0691 0.0508 0.0561 0.0465 0.0686 0.0578 0.0361 0.0541
0.0684 0.0327 0.0752 0.0119 0.0360 0.0731 0.0851 0.0357 0.0363 0.0515 0.0461 0.0923 0.0470 0.0578 0.0390
0.0287 0.0397 0.0281 0.0589 0.0731 0.0020 0.0436 0.0321 0.0365 0.0419 0.0638 0.0579 0.0308 0.0338 0.0214
0.0732 0.0816 0.0370 0.0195 0.0851 0.0436 0.0981 0.0229 0.0479 0.0655 0.0704 0.0254 0.0648 0.0537 0.0371
0.0172 0.0537 0.0597 0.0691 0.0357 0.0321 0.0229 0.0778 0.0820 0.0212 0.0670 0.0461 0.0657 0.0928 0.0423
0.0363 0.0718 0.0276 0.0508 0.0363 0.0365 0.0479 0.0820 0.0788 0.0718 0.0325 0.0304 0.0479 0.0899 0.0555
0.0813 0.0455 0.0844 0.0561 0.0515 0.0419 0.0655 0.0212 0.0718 0.0061 0.0064 0.0198 0.0678 0.0112 0.0412
0.0864 0.0531 0.0766 0.0465 0.0461 0.0638 0.0704 0.0670 0.0325 0.0064 0.0335 0.0709 0.0432 0.0505 0.0233
0.0499 0.0431 0.0184 0.0686 0.0923 0.0579 0.0254 0.0461 0.0304 0.0198 0.0709 0.0193 0.0551 0.0441 0.0381
0.0619 0.0265 0.0352 0.0578 0.0470 0.0308 0.0648 0.0657 0.0479 0.0678 0.0432 0.0551 0.0293 0.0431 0.0040
0.0638 0.0253 0.0242 0.0361 0.0578 0.0338 0.0537 0.0928 0.0899 0.0112 0.0505 0.0441 0.0431 0.0820 0.0643
0.0749 0.0783 0.0221 0.0541 0.0390 0.0214 0.0371 0.0423 0.0555 0.0412 0.0233 0.0381 0.0040 0.0643 0.0406
